ADC_Values = [681, 616, 565, 503, 434, 393, 331];
measured_current = [347.4, 221.5, 127.7, .14, 125.9, 218.9, 341.3];

